合约代码,结算价,交易手续费率(‰),交易手续费额(元/手),交割手续费,投机买保证金率(%),投机卖保证金率(%),套保买保证金率(%),套保卖保证金率(%),平今折扣率(%),
cu2007,50540,0.050,0,0,20,20,20,20,0,
cu2008,50500,0.050,0,0,10,10,10,10,0,
cu2009,50450,0.050,0,0,10,10,10,10,0,
cu2010,50330,0.050,0,0,10,10,10,10,0,
cu2011,50210,0.050,0,0,10,10,10,10,0,
cu2012,50100,0.050,0,0,10,10,10,10,0,
cu2101,50010,0.050,0,0,10,10,10,10,0,
cu2102,50100,0.050,0,0,10,10,10,10,0,
cu2103,50100,0.050,0,0,10,10,10,10,0,
cu2104,50170,0.050,0,0,10,10,10,10,0,
cu2105,50140,0.050,0,0,10,10,10,10,0,
cu2106,50090,0.050,0,0,10,10,10,10,0,
al2007,14625,0.000,3,0,20,20,20,20,0,
al2008,14330,0.000,3,0,10,10,10,10,0,
al2009,14095,0.000,3,0,10,10,10,10,0,
al2010,13940,0.000,3,0,10,10,10,10,0,
al2011,13820,0.000,3,0,10,10,10,10,0,
al2012,13740,0.000,3,0,10,10,10,10,0,
al2101,13685,0.000,3,0,10,10,10,10,0,
al2102,13655,0.000,3,0,10,10,10,10,0,
al2103,13655,0.000,3,0,10,10,10,10,0,
al2104,13640,0.000,3,0,10,10,10,10,0,
al2105,13620,0.000,3,0,10,10,10,10,0,
al2106,13625,0.000,3,0,10,10,10,10,0,
zn2007,17610,0.000,3,0,20,20,20,20,0,
zn2008,17570,0.000,3,0,10,10,10,10,0,
zn2009,17540,0.000,3,0,10,10,10,10,0,
zn2010,17495,0.000,3,0,10,10,10,10,0,
zn2011,17450,0.000,3,0,10,10,10,10,0,
zn2012,17425,0.000,3,0,10,10,10,10,0,
zn2101,17395,0.000,3,0,10,10,10,10,0,
zn2102,17380,0.000,3,0,10,10,10,10,0,
zn2103,17355,0.000,3,0,10,10,10,10,0,
zn2104,17345,0.000,3,0,10,10,10,10,0,
zn2105,17320,0.000,3,0,10,10,10,10,0,
zn2106,17435,0.000,3,0,10,10,10,10,0,
pb2007,15510,0.040,0,0,20,20,20,20,0,
pb2008,15095,0.040,0,0,10,10,10,10,0,
pb2009,15000,0.040,0,0,10,10,10,10,0,
pb2010,14950,0.040,0,0,10,10,10,10,0,
pb2011,14915,0.040,0,0,10,10,10,10,0,
pb2012,14885,0.040,0,0,10,10,10,10,0,
pb2101,14850,0.040,0,0,10,10,10,10,0,
pb2102,14800,0.040,0,0,10,10,10,10,0,
pb2103,14825,0.040,0,0,10,10,10,10,0,
pb2104,14825,0.040,0,0,10,10,10,10,0,
pb2105,14815,0.040,0,0,10,10,10,10,0,
pb2106,14820,0.040,0,0,10,10,10,10,0,
ni2007,105050,0.000,6,0,20,20,20,20,100,
ni2008,105810,0.000,6,0,10,10,10,10,100,
ni2009,106080,0.000,6,0,10,10,10,10,100,
ni2010,106320,0.000,1,0,10,10,10,10,0,
ni2011,106280,0.000,1,0,10,10,10,10,0,
ni2012,106270,0.000,1,0,10,10,10,10,0,
ni2101,106670,0.000,6,0,10,10,10,10,100,
ni2102,106170,0.000,1,0,10,10,10,10,0,
ni2103,106530,0.000,1,0,10,10,10,10,0,
ni2104,106730,0.000,1,0,10,10,10,10,0,
ni2105,106830,0.000,6,0,10,10,10,10,100,
ni2106,106310,0.000,1,0,10,10,10,10,0,
sn2007,139870,0.000,1,0,20,20,20,20,0,
sn2008,140330,0.000,1,0,10,10,10,10,0,
sn2009,140410,0.000,3,0,10,10,10,10,0,
sn2010,140600,0.000,1,0,10,10,10,10,0,
sn2011,140260,0.000,1,0,10,10,10,10,0,
sn2012,140140,0.000,1,0,10,10,10,10,0,
sn2101,140530,0.000,3,0,10,10,10,10,0,
sn2102,139680,0.000,1,0,10,10,10,10,0,
sn2103,140680,0.000,1,0,10,10,10,10,0,
sn2104,139780,0.000,1,0,10,10,10,10,0,
sn2105,138800,0.000,3,0,10,10,10,10,0,
sn2106,138390,0.000,1,0,10,10,10,10,0,
au2007,400.12,0.000,2,0.00,20,20,20,20,0,
au2008,400.72,0.000,10,0.00,10,10,10,10,0,
au2009,401.74,0.000,2,0.00,8,8,8,8,0,
au2010,401.92,0.000,2,0.00,8,8,8,8,0,
au2012,402.96,0.000,10,0.00,8,8,8,8,0,
au2102,404.56,0.000,2,0.00,8,8,8,8,0,
au2104,405.60,0.000,2,0.00,8,8,8,8,0,
au2106,405.96,0.000,10,0.00,8,8,8,8,0,
sp2007,4194,0.050,0,0,20,20,20,20,0,
sp2008,4410,0.050,0,0,10,10,10,10,0,
sp2009,4412,0.050,0,0,8,8,8,8,0,
sp2010,4450,0.050,0,0,8,8,8,8,0,
sp2011,4526,0.050,0,0,8,8,8,8,0,
sp2012,4508,0.050,0,0,8,8,8,8,0,
sp2101,4544,0.050,0,0,8,8,8,8,0,
sp2102,4570,0.050,0,0,8,8,8,8,0,
sp2103,4604,0.050,0,0,8,8,8,8,0,
sp2104,4594,0.050,0,0,8,8,8,8,0,
sp2105,4656,0.050,0,0,8,8,8,8,0,
sp2106,4696,0.050,0,0,8,8,8,8,0,
ag2007,4391,0.050,0,0.00,20,20,20,20,0,
ag2008,4446,0.050,0,0.00,10,10,10,10,0,
ag2009,4456,0.050,0,0.00,10,10,10,10,0,
ag2010,4466,0.010,0,0.00,10,10,10,10,0,
ag2011,4476,0.010,0,0.00,10,10,10,10,0,
ag2012,4484,0.050,0,0.00,10,10,10,10,100,
ag2101,4499,0.010,0,0.00,10,10,10,10,0,
ag2102,4503,0.010,0,0.00,10,10,10,10,0,
ag2103,4519,0.010,0,0.00,10,10,10,10,0,
ag2104,4516,0.010,0,0.00,10,10,10,10,0,
ag2105,4510,0.010,0,0.00,10,10,10,10,0,
ag2106,4535,0.050,0,0.00,10,10,10,10,100,
rb2007,3620,0.100,0,0,20,20,20,20,100,
rb2008,3677,0.100,0,0,10,10,10,10,100,
rb2009,3707,0.100,0,0,9,9,9,9,100,
rb2010,3703,0.100,0,0,9,9,9,9,100,
rb2011,3680,0.100,0,0,9,9,9,9,100,
rb2012,3640,0.100,0,0,9,9,9,9,100,
rb2101,3549,0.100,0,0,9,9,9,9,100,
rb2102,3477,0.100,0,0,9,9,9,9,100,
rb2103,3484,0.100,0,0,9,9,9,9,100,
rb2104,3482,0.100,0,0,9,9,9,9,100,
rb2105,3424,0.100,0,0,9,9,9,9,100,
rb2106,3401,0.100,0,0,9,9,9,9,100,
wr2007,3980,0.040,0,0,20,20,20,20,0,
wr2008,3955,0.040,0,0,10,10,10,10,0,
wr2009,3855,0.040,0,0,9,9,9,9,0,
wr2010,3978,0.040,0,0,9,9,9,9,0,
wr2011,3902,0.040,0,0,9,9,9,9,0,
wr2012,3893,0.040,0,0,9,9,9,9,0,
wr2101,3907,0.040,0,0,9,9,9,9,0,
wr2102,3879,0.040,0,0,9,9,9,9,0,
wr2103,3887,0.040,0,0,9,9,9,9,0,
wr2104,3855,0.040,0,0,9,9,9,9,0,
wr2105,3908,0.040,0,0,9,9,9,9,0,
wr2106,3942,0.040,0,0,9,9,9,9,0,
hc2007,3870,0.100,0,0,20,20,20,20,100,
hc2008,3784,0.100,0,0,10,10,10,10,100,
hc2009,3739,0.100,0,0,9,9,9,9,100,
hc2010,3706,0.100,0,0,9,9,9,9,100,
hc2011,3703,0.100,0,0,9,9,9,9,100,
hc2012,3625,0.100,0,0,9,9,9,9,100,
hc2101,3551,0.100,0,0,9,9,9,9,100,
hc2102,3535,0.100,0,0,9,9,9,9,100,
hc2103,3500,0.100,0,0,9,9,9,9,100,
hc2104,3470,0.100,0,0,9,9,9,9,100,
hc2105,3433,0.100,0,0,9,9,9,9,100,
hc2106,3432,0.100,0,0,9,9,9,9,100,
ss2007,13510,0.000,2,0,20,20,20,20,0,
ss2008,13520,0.000,2,0,10,10,10,10,0,
ss2009,13445,0.000,2,0,9,9,9,9,0,
ss2010,13355,0.000,2,0,9,9,9,9,0,
ss2011,13295,0.000,2,0,9,9,9,9,0,
ss2012,13215,0.000,2,0,9,9,9,9,0,
ss2101,13195,0.000,2,0,9,9,9,9,0,
ss2102,12945,0.000,2,0,9,9,9,9,0,
ss2103,12990,0.000,2,0,9,9,9,9,0,
ss2104,12880,0.000,2,0,9,9,9,9,0,
ss2105,13315,0.000,2,0,9,9,9,9,0,
ss2106,13100,0.000,2,0,9,9,9,9,0,
sc2008,293.9,0.000,20,0.00,15.0,15.0,15.0,15.0,0.0,
sc2009,306.6,0.000,20,0.00,15.0,15.0,15.0,15.0,0.0,
sc2010,315.7,0.000,20,0.00,15.0,15.0,15.0,15.0,0.0,
sc2011,324.4,0.000,20,0.00,15.0,15.0,15.0,15.0,0.0,
sc2012,331.5,0.000,20,0.00,15.0,15.0,15.0,15.0,0.0,
sc2101,336.2,0.000,20,0.00,15.0,15.0,15.0,15.0,0.0,
sc2102,339.6,0.000,20,0.00,15.0,15.0,15.0,15.0,0.0,
sc2103,343.0,0.000,20,0.00,15.0,15.0,15.0,15.0,0.0,
sc2104,347.1,0.000,20,0.00,15.0,15.0,15.0,15.0,0.0,
sc2105,355.4,0.000,20,0.00,15.0,15.0,15.0,15.0,0.0,
sc2106,355.2,0.000,20,0.00,15.0,15.0,15.0,15.0,0.0,
sc2107,356.5,0.000,20,0.00,15.0,15.0,15.0,15.0,0.0,
sc2109,367.4,0.000,20,0.00,15.0,15.0,15.0,15.0,0.0,
sc2112,375.2,0.000,20,0.00,15.0,15.0,15.0,15.0,0.0,
sc2203,383.6,0.000,20,0.00,15.0,15.0,15.0,15.0,0.0,
sc2206,399.6,0.000,20,0.00,15.0,15.0,15.0,15.0,0.0,
sc2209,412.0,0.000,20,0.00,15.0,15.0,15.0,15.0,0.0,
sc2212,415.6,0.000,20,0.00,15.0,15.0,15.0,15.0,0.0,
sc2303,427.2,0.000,20,0.00,15.0,15.0,15.0,15.0,0.0,
sc2306,430.7,0.000,20,0.00,15.0,15.0,15.0,15.0,0.0,
lu2101,2524,0.000,2,0,15,15,15,15,100,
lu2102,2573,0.000,2,0,15,15,15,15,100,
lu2103,2698,0.000,2,0,15,15,15,15,100,
lu2104,2646,0.000,2,0,15,15,15,15,100,
lu2105,2644,0.000,2,0,15,15,15,15,100,
lu2106,2687,0.000,2,0,15,15,15,15,100,
lu2107,2689,0.000,2,0,15,15,15,15,100,
fu2008,1610,0.050,0,0,15,15,15,15,0,
fu2009,1681,0.050,0,0,15,15,15,15,100,
fu2010,1740,0.010,0,0,15,15,15,15,0,
fu2011,1790,0.010,0,0,15,15,15,15,0,
fu2012,1832,0.010,0,0,15,15,15,15,0,
fu2101,1869,0.050,0,0,15,15,15,15,0,
fu2102,1945,0.010,0,0,15,15,15,15,0,
fu2103,1966,0.010,0,0,15,15,15,15,0,
fu2104,2002,0.010,0,0,15,15,15,15,0,
fu2105,2022,0.050,0,0,15,15,15,15,0,
fu2106,2071,0.010,0,0,15,15,15,15,0,
fu2107,2116,0.010,0,0,15,15,15,15,0,
bu2007,2690,0.100,0,0,20,20,20,20,100,
bu2008,2768,0.100,0,0,15,15,15,15,100,
bu2009,2804,0.100,0,0,15,15,15,15,100,
bu2010,2784,0.100,0,0,15,15,15,15,100,
bu2011,2788,0.100,0,0,15,15,15,15,100,
bu2012,2816,0.100,0,0,15,15,15,15,100,
bu2103,2800,0.100,0,0,15,15,15,15,100,
bu2106,2816,0.100,0,0,15,15,15,15,100,
bu2109,2854,0.100,0,0,15,15,15,15,100,
bu2112,2868,0.100,0,0,15,15,15,15,100,
bu2203,2850,0.100,0,0,15,15,15,15,100,
bu2206,2906,0.100,0,0,15,15,15,15,100,
ru2007,10700,0.000,3,0,20,20,20,20,0,
ru2008,10480,0.000,3,0,11,11,11,11,0,
ru2009,10570,0.000,3,0,11,11,11,11,0,
ru2010,10620,0.000,3,0,11,11,11,11,0,
ru2011,10675,0.000,3,0,11,11,11,11,0,
ru2101,11655,0.000,3,0,11,11,11,11,0,
ru2103,11745,0.000,3,0,11,11,11,11,0,
ru2104,11800,0.000,3,0,11,11,11,11,0,
ru2105,11830,0.000,3,0,11,11,11,11,0,
ru2106,11925,0.000,3,0,11,11,11,11,0,
nr2007,8700,0.000,3,0,20,20,20,20,0,
nr2008,8690,0.000,3,0,11,11,11,11,0,
nr2009,8755,0.000,3,0,11,11,11,11,0,
nr2010,8830,0.000,3,0,11,11,11,11,0,
nr2011,8920,0.000,3,0,11,11,11,11,0,
nr2012,9045,0.000,3,0,11,11,11,11,0,
nr2101,9070,0.000,3,0,11,11,11,11,0,
nr2102,8565,0.000,3,0,11,11,11,11,0,
nr2103,9655,0.000,3,0,11,11,11,11,0,
nr2104,9245,0.000,3,0,11,11,11,11,0,
nr2105,9380,0.000,3,0,11,11,11,11,0,
nr2106,9305,0.000,3,0,11,11,11,11,0,
